
00001 ['CROC:1:CH:0:FPGA:10:TRIP:0:HIT:0', 1479390611, [1.75, 5, 0.75, 0.5, 1.25, 7.5, 2.5, 3.75, 17, 17, 17, 17, 17, 17, 17, 17]]
00001 ['CROC:1:CH:0:FPGA:10:TRIP:0:HIT:1', 1479390662, [17, 17, 17, 17, 17, 17, 17, 17, 17, 17, 17, 17, 17, 17, 17, 17]]
00001 ['CROC:1:CH:0:FPGA:10:TRIP:1:HIT:0', 1479390611, [17, 17, 17, 17, 17, 17, 17, 17, 17, 17, 17, 17, 17, 17, 17, 17]]
00001 ['CROC:1:CH:0:FPGA:10:TRIP:1:HIT:1', 1479390662, [17, 17, 17, 17, 17, 17, 17, 17, 0.5, 0.75, 0.5, 0.5, 1.25, 0.25, 4, 2]]
00001 ['CROC:1:CH:0:FPGA:10:TRIP:2:HIT:0', 1479390613, [17, 1, 17, 8.25, 17, 17, 17, 5.75, 17, 17, 17, 17, 17, 17, 17, 17]]
00001 ['CROC:1:CH:0:FPGA:10:TRIP:2:HIT:1', 1479390662, [17, 17, 17, 17, 17, 17, 17, 17, 17, 17, 17, 17, 17, 17, 17, 17]]
00001 ['CROC:1:CH:0:FPGA:10:TRIP:3:HIT:0', 1479390613, [17, 17, 17, 17, 17, 17, 17, 17, 17, 17, 17, 17, 17, 17, 17, 17]]
00001 ['CROC:1:CH:0:FPGA:10:TRIP:3:HIT:1', 1479390662, [17, 17, 17, 17, 17, 17, 17, 17, 17, 17, 17, 1, 17, 6.25, 17, 6]]
00001 ['CROC:1:CH:0:FPGA:11:TRIP:0:HIT:0', 1479390612, [9.75, 17, 12.25, 0.25, 4.25, 5.25, 2, 2, 17, 17, 17, 17, 17, 17, 17, 17]]
00001 ['CROC:1:CH:0:FPGA:11:TRIP:0:HIT:1', 1479390662, [17, 17, 17, 17, 17, 17, 17, 17, 17, 17, 17, 17, 17, 17, 17, 17]]
00001 ['CROC:1:CH:0:FPGA:11:TRIP:1:HIT:0', 1479390612, [17, 17, 17, 17, 17, 17, 17, 17, 17, 17, 17, 17, 17, 17, 17, 17]]
00001 ['CROC:1:CH:0:FPGA:11:TRIP:1:HIT:1', 1479390662, [17, 17, 17, 17, 17, 17, 17, 17, 0.25, 9.5, 1.25, 0.5, 3.5, 1, 3.5, 3.75]]
00001 ['CROC:1:CH:0:FPGA:11:TRIP:2:HIT:0', 1479390613, [17, 17, 17, 3, 17, 1, 17, 1.5, 17, 17, 17, 17, 17, 17, 17, 17]]
00001 ['CROC:1:CH:0:FPGA:11:TRIP:2:HIT:1', 1479390665, [17, 17, 17, 17, 17, 17, 17, 17, 17, 17, 17, 17, 17, 17, 17, 17]]
00001 ['CROC:1:CH:0:FPGA:11:TRIP:3:HIT:0', 1479390613, [17, 17, 17, 17, 17, 17, 17, 17, 17, 17, 17, 17, 17, 17, 17, 17]]
00001 ['CROC:1:CH:0:FPGA:11:TRIP:3:HIT:1', 1479390665, [17, 17, 17, 17, 17, 17, 17, 17, 17, 0.25, 17, 1.5, 17, 0.5, 17, 1.5]]
00001 ['CROC:1:CH:0:FPGA:10:TRIP:0:HIT:0', 998647397, [1.5, 5, 0.75, 0.5, 1.25, 7.75, 2.5, 3.75, 17, 17, 17, 17, 17, 17, 17, 17]]
00001 ['CROC:1:CH:0:FPGA:10:TRIP:0:HIT:1', 998647448, [17, 17, 17, 17, 17, 17, 17, 17, 17, 17, 17, 17, 17, 17, 17, 17]]
00001 ['CROC:1:CH:0:FPGA:10:TRIP:1:HIT:0', 998647397, [17, 17, 17, 17, 17, 17, 17, 17, 17, 17, 17, 17, 17, 17, 17, 17]]
00001 ['CROC:1:CH:0:FPGA:10:TRIP:1:HIT:1', 998647448, [17, 17, 17, 17, 17, 17, 17, 17, 0.5, 0.75, 0.25, 0.5, 1.25, 0.25, 4, 2]]
00001 ['CROC:1:CH:0:FPGA:10:TRIP:2:HIT:0', 998647399, [17, 0.75, 17, 8.25, 17, 17, 17, 5.75, 17, 17, 17, 17, 17, 17, 17, 17]]
00001 ['CROC:1:CH:0:FPGA:10:TRIP:2:HIT:1', 998647448, [17, 17, 17, 17, 17, 17, 17, 17, 17, 17, 17, 17, 17, 17, 17, 17]]
00001 ['CROC:1:CH:0:FPGA:10:TRIP:3:HIT:0', 998647399, [17, 17, 17, 17, 17, 17, 17, 17, 17, 17, 17, 17, 17, 17, 17, 17]]
00001 ['CROC:1:CH:0:FPGA:10:TRIP:3:HIT:1', 998647448, [17, 17, 17, 17, 17, 17, 17, 17, 17, 17, 17, 1, 17, 6.25, 17, 5.75]]
00001 ['CROC:1:CH:0:FPGA:11:TRIP:0:HIT:0', 998647398, [9.25, 17, 12, 0.25, 4, 5.25, 2, 2, 17, 17, 17, 17, 17, 17, 17, 17]]
00001 ['CROC:1:CH:0:FPGA:11:TRIP:0:HIT:1', 998647448, [17, 17, 17, 17, 17, 17, 17, 17, 17, 17, 17, 17, 17, 17, 17, 17]]
00001 ['CROC:1:CH:0:FPGA:11:TRIP:1:HIT:0', 998647398, [17, 17, 17, 17, 17, 17, 17, 17, 17, 17, 17, 17, 17, 17, 17, 17]]
00001 ['CROC:1:CH:0:FPGA:11:TRIP:1:HIT:1', 998647448, [17, 17, 17, 17, 17, 17, 17, 17, 0.25, 9.5, 1.25, 0.5, 3.75, 1, 3.25, 3.75]]
00001 ['CROC:1:CH:0:FPGA:11:TRIP:2:HIT:0', 998647399, [17, 17, 17, 3, 17, 1, 17, 1.5, 17, 17, 17, 17, 17, 17, 17, 17]]
00001 ['CROC:1:CH:0:FPGA:11:TRIP:2:HIT:1', 998647451, [17, 17, 17, 17, 17, 17, 17, 17, 17, 17, 17, 17, 17, 17, 17, 17]]
00001 ['CROC:1:CH:0:FPGA:11:TRIP:3:HIT:0', 998647399, [17, 17, 17, 17, 17, 17, 17, 17, 17, 17, 17, 17, 17, 17, 17, 17]]
00001 ['CROC:1:CH:0:FPGA:11:TRIP:3:HIT:1', 998647451, [17, 17, 17, 17, 17, 17, 17, 17, 17, 0.5, 17, 2, 17, 0.75, 17, 1.75]]